hrl:
  position: 
    x: -0.401089698076
    y: -1.37198901176
    z: 0.0
  orientation: 
    x: 0.0
    y: 0.0
    z: -0.05374590842
    w: 0.998554644137
  width: 2.2
  height: 3.0
  #height: 11.0

sim:
   position: 
      x: 3.501892566867
      y: -6.36647748947
      z: 0.0
   orientation: 
      x: 0.0
      y: 0.0
      z: 0.709932602587
      w: 0.704269621511
   width: 8.0
   height: 9.5

