# oST version 5.0 parameters


[image]

width
324

height
256

[narrow_stereo]

camera matrix
98.837605 0.000000 163.841514
0.000000 29.846846 232.257090
0.000000 0.000000 1.000000

distortion
0.118798 -0.014546 -0.195456 0.074768 0.000000

rectification
1.000000 0.000000 0.000000
0.000000 1.000000 0.000000
0.000000 0.000000 1.000000

projection
-2.793434 0.000000 323.102834 0.000000
0.000000 -2.016116 -1.180621 0.000000
0.000000 0.000000 1.000000 0.000000

