# oST version 5.0 parameters


[image]

width
324

height
256

[narrow_stereo]

camera matrix
809.830887 0.000000 159.415504
0.000000 424.453649 159.342073
0.000000 0.000000 1.000000

distortion
-2.007862 22.283909 -0.014542 0.099990 0.000000

rectification
1.000000 0.000000 0.000000
0.000000 1.000000 0.000000
0.000000 0.000000 1.000000

projection
1068.609985 0.000000 178.210778 0.000000
0.000000 514.649292 139.967483 0.000000
0.000000 0.000000 1.000000 0.000000

