{forward_point_distance: 0.074527831179282179, goal_distance_bias: 32.0, max_rot_vel: 1.0,
  max_scaling_factor: 0.20000000000000001, max_trans_vel: 0.55000000000000004, max_vel_x: 0.55000000000000004,
  max_vel_y: 0.10000000000000001, min_rot_vel: 0.40000000000000002, min_trans_vel: 0.10000000000000001,
  min_vel_x: 0.0, min_vel_y: -0.10000000000000001, occdist_scale: 0.01, oscillation_reset_dist: 0.050000000000000003,
  path_distance_bias: 24.0, penalize_negative_x: true, restore_defaults: false, scaling_speed: 0.25,
  sim_granularity: 0.025000000000000001, sim_time: 1.7, stop_time_buffer: 0.20000000000000001,
  vth_samples: 20, vx_samples: 3, vy_samples: 10}
