image_width: 720
image_height: 480
camera_name: hrl_thermal
camera_matrix:
  rows: 3
  cols: 3
  data: [5.2910164898610003e+02, 0., 3.1855783303010003e+02, 0., 5.3000289468460005e+02, 2.5412934086339999e+02, 0., 0., 1.]
distortion_model: plumb_bob
distortion_coefficients:
  rows: 1
  cols: 5
  data: [-2.9863552641289998e-01, 1.5665006159459999e-01, 1.7182791278889999e-04, -1.6172303684280001e-04, -8.1663520483350002e-02]
rectification_matrix:
  rows: 3
  cols: 3
  data: [9.9985064360904929e-01, -1.6535085583331340e-02, 5.0280631779735709e-03, 1.6526674581494285e-02, 9.9986196330057286e-01, 1.7097871216018700e-03, -5.0556405971129538e-03, -1.6264345900505438e-03, 9.9998589750489841e-01]
projection_matrix:
  rows: 3
  cols: 4
  data: [4.2935128043826955e+02, 0., 320., 0., 0., 4.2935128043826955e+02, 256., 0., 0., 0., 1., 0.]
